1	6, 9, 11, 12, 13, 15, 16, 17, 18, 21, 24, 28, 32, 33, 36, 39, 40, 41, 42, 43, 44, 45, 46, 48, 49, 51, 55, 56, 57, 58, 59, 60, 61, 62, 63, 64, 65, 66, 67, 68, 70, 71, 72, 73, 74, 75, 76, 79, 80, 82, 83, 85, 86, 88, 93, 94, 97, 99, 100, 102, 103, 104, 107, 108, 109, 110, 111, 112, 113, 114, 115, 117
2	
3	
4	
5	9, 14, 44, 59, 60, 69, 72, 74, 86, 98
6	1
7	9, 33, 43, 44, 74, 75, 76, 87, 96, 100, 101, 109, 114
8	
9	1, 5, 7, 93, 100
10	
11	1, 37, 64, 67, 72, 100
12	1, 46, 51, 64, 67, 72, 74
13	1, 58, 64
14	5, 47, 98
15	1, 43, 64, 65, 69, 72, 74, 100
16	1, 33, 36, 51, 69, 72, 74, 79, 86, 87, 93, 95, 100, 102, 109, 117
17	1, 33, 42, 43, 64, 105
18	1, 28, 33, 43, 44, 46, 49, 50, 51, 52, 54, 56, 57, 58, 59, 60, 61, 62, 63, 64, 65, 66, 67, 68, 69, 70, 71, 72, 73, 74
19	
20	
21	1, 33, 43, 44, 48, 59, 64, 72, 87, 93, 100, 117
22	
23	
24	
25	
26	
27	37, 74
28	1, 43, 44, 49, 52, 54, 57, 60, 61, 64, 65, 67, 72, 74, 96, 99, 100
29	
30	64
31	
32	1, 44, 59, 64, 67, 72, 73, 74
33	1, 5, 7, 16, 17, 18, 21, 24, 36, 41, 43, 44, 46, 56, 58, 59, 60, 63, 64, 65, 68, 69, 70, 71, 72, 73, 74, 75, 76, 79, 82, 83, 85, 87, 88, 89, 90, 92, 93, 94, 96, 97, 98, 99, 100, 101, 102, 109, 112, 115, 117
34	
35	96
36	1, 16, 33, 40, 43, 64, 69, 72, 80, 87, 91, 93, 98, 100, 102
37	11, 27, 43, 64, 100
38	
39	1, 67, 72, 74
40	1, 36, 41, 42, 69, 72, 74, 93, 98, 100, 103
41	1, 33, 40, 42, 43, 46, 64, 69, 72, 74, 75, 93, 100
42	1, 17, 40, 41, 43, 44, 59, 60, 64, 66, 72, 74, 83
43	
44	1, 5, 7, 18, 21, 28, 32, 33, 42, 43, 45, 56, 64, 67, 68, 69, 71, 72, 73, 74, 75, 76, 78, 92, 93, 95, 96, 99, 100, 111, 112, 115, 116
45	1, 44, 49, 56, 60, 75, 96, 100
46	1, 12, 18, 33, 41, 43, 51, 64, 72, 74, 75, 79, 83, 93, 100, 109
47	14
48	1, 21, 43, 60, 64, 67, 72, 74, 75, 93, 110
49	1, 18, 28, 43, 45, 56, 60, 68, 72, 75, 93, 96, 115
50	18, 59
51	1, 12, 16, 18, 43, 46, 59, 69, 74, 83, 109, 112
52	18, 28, 72, 74, 96
53	
54	18, 28, 43, 69, 72, 74
55	1, 43, 64, 74
56	1, 18, 24, 33, 43, 44, 49, 60, 64, 69, 71, 72, 74, 91, 93, 96, 97, 100, 109
57	1, 18, 28, 60, 64, 67, 69, 72, 74, 93, 112
58	1, 3, 13, 18, 24, 33, 43, 59, 60, 63, 64, 67, 68, 72, 73, 74, 76, 87, 91, 93, 100, 102, 107, 109, 112, 114, 117
59	1, 5, 18, 21, 32, 33, 42, 50, 51, 58, 61, 64, 66, 69, 72, 73, 74, 76, 83, 87, 88, 93, 99, 100, 101, 103, 117
60	1, 5, 18, 28, 33, 42, 43, 45, 48, 56, 57, 58, 61, 62, 64, 67, 68, 69, 70, 71, 72, 73, 74, 75, 83, 85, 91, 92, 93, 96, 97, 99, 100, 103, 109, 112, 115, 117
61	1, 18, 28, 43, 59, 60, 64, 69, 72, 93, 99, 100
62	1, 18, 43, 60, 64, 67, 69, 72, 74, 87, 93, 100
63	1, 18, 33, 43, 56, 58, 64, 65, 69, 75, 76, 83, 93, 99, 100, 101
64	1, 3, 11, 12, 13, 15, 17, 18, 21, 28, 30, 32, 33, 36, 37, 41, 42, 44, 46, 48, 55, 56, 57, 58, 59, 60, 61, 62, 63, 65, 66, 67, 68, 70, 71, 72, 73, 74, 75, 76, 79, 83, 88, 92, 94, 95, 98, 99, 103, 107, 109, 111, 112, 115, 117
65	1, 15, 18, 28, 33, 43, 63, 64, 73
66	
67	1, 11, 12, 18, 28, 29, 32, 39, 43, 44, 48, 57, 58, 60, 62, 64, 71, 72, 73, 74, 75, 83, 92, 93, 94, 99, 100, 101, 112, 115
68	3, 33, 64, 69
69	5, 15, 16, 18, 33, 36, 40, 41, 43, 44, 51, 54, 56, 57, 59, 60, 61, 62, 63, 66, 68, 71, 72, 79, 82, 83, 85, 87, 93, 96, 99, 100, 101, 112, 117
70	1, 3, 16, 18, 33, 43, 60, 64, 72, 74, 75, 93, 100, 103
71	1, 18, 33, 44, 56, 60, 64, 67, 68, 69, 72, 73, 74, 75, 83, 93, 99, 101, 108, 109, 112
72	1, 5, 11, 12, 15, 16, 18, 21, 24, 28, 29, 32, 33, 36, 39, 40, 41, 42, 43, 44, 46, 48, 49, 52, 54, 56, 57, 58, 59, 60, 61, 62, 64, 66, 67, 68, 69, 70, 71, 73, 74, 75, 76, 79, 83, 87, 88, 89, 90, 93, 94, 95, 98, 99, 100, 101, 102, 103, 107, 108, 109, 112
73	1, 18, 32, 33, 44, 58, 59, 60, 64, 65, 67, 71, 72, 74, 75, 83, 85, 100, 117
74	1, 5, 7, 12, 15, 16, 18, 24, 27, 28, 29, 32, 33, 39, 40, 41, 42, 43, 44, 46, 48, 51, 52, 54, 55, 56, 57, 58, 59, 60, 62, 64, 67, 68, 70, 71, 72, 73, 75, 79, 83, 87, 88, 93, 95, 97, 99, 100, 101, 102, 103, 109, 112, 115
75	1, 7, 33, 41, 43, 44, 45, 46, 48, 49, 60, 63, 64, 66, 67, 70, 71, 72, 73, 74, 76, 83, 85, 88, 93, 95, 97, 99, 100, 101, 102, 103, 108, 109, 110, 112, 113, 114, 117
76	1, 7, 33, 43, 44, 58, 59, 63, 64, 72, 75, 92, 100, 112
77	101
78	
79	1, 16, 33, 43, 46, 64, 69, 72, 74, 93, 100, 109, 115
80	1, 36, 93
81	
82	1, 33, 69, 85, 87, 88, 93, 95, 99, 100, 101
83	1, 33, 42, 43, 46, 51, 59, 60, 63, 64, 67, 69, 71, 72, 73, 74, 75, 85, 93, 95, 100, 103, 109, 117
84	100
85	1, 33, 60, 69, 73, 75, 82, 83, 93, 95, 100
86	1, 16, 87, 91, 100
87	7, 16, 21, 33, 36, 43, 58, 59, 62, 69, 72, 74, 82, 86, 91, 93, 102
88	1, 33, 43, 59, 64, 72, 74, 75, 82, 93, 102, 105, 109, 110, 112, 114
89	33, 72, 93, 100, 101
90	33, 72, 100
91	36, 43, 56, 58, 60, 86, 87
92	33, 43, 44, 60, 64, 67, 76, 93, 100, 112
93	1, 9, 16, 21, 33, 36, 40, 41, 44, 46, 48, 49, 56, 57, 58, 59, 60, 61, 62, 63, 66, 67, 69, 70, 71, 72, 74, 75, 79, 80, 82, 83, 85, 87, 88, 89, 92, 96, 97, 99, 100, 102, 103, 107, 109, 112, 114
94	1, 33, 43, 64, 67, 72
95	16, 44, 64, 72, 74, 75, 82, 83, 85, 100
96	7, 28, 33, 35, 44, 45, 49, 52, 56, 60, 69, 93, 100, 102, 103, 109
97	1, 33, 56, 60, 74, 75, 93
98	5, 14, 33, 36, 40, 64, 72, 109
99	1, 28, 33, 43, 44, 59, 60, 61, 63, 64, 67, 69, 71, 72, 74, 75, 82, 93, 100, 117
100	1, 3, 7, 9, 11, 15, 16, 21, 28, 33, 36, 37, 40, 41, 44, 45, 46, 56, 58, 59, 60, 61, 62, 63, 67, 69, 70, 72, 73, 74, 75, 76, 79, 82, 83, 84, 85, 86, 89, 90, 92, 93, 95, 96, 99, 102, 103, 112, 114, 115, 117
101	59, 63, 77
102	1, 16, 33, 36, 43, 58, 72, 74, 75, 87, 88, 93, 96, 100, 114
103	1, 40, 59, 60, 64, 70, 72, 74, 75, 83, 93, 96, 100, 105, 106, 109, 112, 117
104	1
105	88, 103
106	103
107	1, 58, 64, 72, 93
108	1, 71, 72, 75
109	
110	1, 43, 48, 75, 88, 113
111	1, 44, 64
112	1, 33, 43, 44, 51, 57, 58, 60, 64, 67, 69, 71, 72, 74, 75, 76, 88, 92, 93, 100, 101, 103
113	1, 75, 110
114	1, 58, 75, 88, 93, 100, 102
115	1, 33, 43, 44, 49, 60, 64, 67, 74, 79, 100
116	44
117	1, 16, 21, 33, 43, 58, 59, 60, 64, 69, 73, 75, 83, 99, 100, 103
