1	561
2	
3	0
4	
5	59
6	17
7	246
8	15
9	17
10	36
11	34
12	120
13	50
14	8
15	159
16	40
17	80
18	59
19	2
20	2131
21	52
22	309
23	
24	0
25	8
26	0
27	106
28	141
29	0
30	15
31	
32	16
33	178
34	0
35	4241
36	38
37	48
38	
39	8
40	41
41	110
42	41
43	0
44	1159
45	31
46	60
47	15
48	32
49	62
50	27
51	42
52	121
53	
54	102
55	25
56	123
57	50
58	1282
59	251
60	163
61	75
62	25
63	28
64	411
65	68
66	0
67	165
68	52
69	158
70	59
71	59
72	497
73	47
74	445
75	128
76	33
77	4127
78	0
79	59
80	21
81	72
82	135
83	106
84	91
85	44
86	38
87	75
88	65
89	68
90	197
91	116
92	47
93	222
94	38
95	78
96	118
97	63
98	54
99	114
100	202
101	8587
102	52
103	61
104	58
105	63
106	71
107	10
108	42
109	0
110	82
111	76
112	250
113	41
114	31
115	425
116	19
117	1746
